$ANSIBLE_VAULT;1.1;AES256
61323937656566613663373463623265663162316363383233333433646135353764646235356332
6664336133616237306630363661663737336139316566360a343236356136303037636464616339
37616437613466363564653163393861353464303136353538383334653435333535353835386639
3764646562623563370a623831666330663236363663353735643835373432303038303735663337
36333062656133623966373139353565316537306539666261613061346661636435383831326432
34383731333532656139323837313334383865633361653430376438303734653833393538343635
64626266633935353938313037306664666133333166316162313664393437663835623037393932
32326135363466636561653365613564333034643038313039646636396361666166616261663166
39373562656432313766323931343165353235336131613739343337643535323031653236353666
65333533653664633435623864356434383362653766353337363538336333663332306562613538
62326439343437333766633939373066353638643934363336373861653961343234386138643232
34343234396165346130633332616332383632346336366466616432353130666437366233306561
33643264396135356366346335653662363936343337626438653331393130376637643761396631
64613964386335643563363164393662346333393931386133353433663338326232313962306639
38313838626633613337313733666636316365353234333566376331656639363133626465306461
30373337376166623536633833343734366164303364366531316131636262643962643665653661
39323537643237643439616632323636626331333035666137616462633961646161383834313035
61653764623663376239653031346431626134613634373535373637343832636361366638366465
63653361383736653938366662346339363338346366636563636433313039656237613135626439
30306432346565303363663865393661376538313265643234353432396663383833316661316538
30386338623237353032376331383438393532316339386665346436363632633561316663616564
62386634613563383665633465663862363930323038316138373733366531343134346362323562
31386438646332336261333334333337643961333038353361356433366462326530613332383466
66303430613037396437636139626266383338646534653865376639326630646231356336643066
33323431386435623731643631396633376663643038353538663834383062343536623766666636
61613364363137383962666331656163376531316336646135316631373831323764626531386232
38366131303433666435383562653535626133303365636633323238363037393835333264393031
38666132613166356637396663666466643337313464316664393031376635646338373539623363
35333832353465373063646332383132303534613066313066613533306239653930653935633131
35343461376138373339666265626465313534666263303334303563306165353436623030383761
32636438333034363333613861326231363963326562363166613139643735643538396430316264
64353734363037343238633933643233353361333634633734636333393439376334333166663063
65373166333566343866343435653933343564333637623133383833643064386638343030643134
38633366323266646135303165346138653465323331656336306532316566643061363163343036
35323534393937663964343539383033383563363463353631623164383439376538623235333861
33653232663330623362326633616331316365613761353565363034356534346430306465336335
64666134306631326134616533656265353065623965623362373435653231393536353465396435
38633136623832343235616364323964373134363830633934333235626634323165353131386434
35333837643236343530356237313764633936303935656664616262626633343262646334326433
39343038313339633362376463323733653132346561333563376532663037336535306661303761
64393737346332663732333239656136376332383135633532383235353137303765313030376537
35626261366564636539343936313134396163336466393932623530626338393835393339623862
65653163646562346234666164383137623635376136376364356264316462653266333266393139
65373065373636653034
