$ANSIBLE_VAULT;1.1;AES256
63383066386235643733623531316365636637326139633762353461313063636239663433366138
6332626265326530626165376139633564626530326564610a643232343933353561393064396535
38626661636665326634346364633934393761616365363636643039313034393266373961623433
6662363461323464300a393835366365386261633564303335653363383864656435343637323536
31363235316532626265343937366665346634646331656563653166393735336466373263343437
64373136663333383762343037633266373033653639346137343138626164393362353331666263
31343366306639396531623231646338356136386332663462613233643836663433346139326533
38636663333566663935623464336238386339393763633532336664666239343133383836326263
62373363323561636531346363393264323038366135316539363664626630616234373937333134
63663366353762613764643332353466333739663863646539656136396664653364376163303739
32616132633239653061653363336661323332343663633066613939616535386264653665393966
31643934396664303437313466393339663230303935303333663036646431373937653930363866
62656137326331383863333636363764323764316261356461343265383036396437623262623435
33623830386662633663343863346530656531363766323865326635636662343465313635316331
62343031363263356531326433383930313036333666656135663831376234396139616139316564
66393737616462386435313961333461656265636165313065303763376438336232323232343631
65633538373766323532323831613434326236623438343337313031353339326537396631383134
31343837333063653338613661316134343836393561626137633435663932306234303235646164
65623964366531623462306431303530336564316265616664313466366366303930653238383930
33366562386534383134613862383865323334303763363565636436343531333937373837663766
39643635336530323662616464653264323238666466653361343765393139616631316634363633
32623739383736656338656331663339373666373236303264303539666332316530336536613136
34323661653535323139353930643732336235343139663632343266356331653464363838343538
32653732303932363962373631636233646464353861626638643761316233363838623030303434
62383238336135656439363737333030656130306666623333613834386230626232333961633266
63323832613236623433333330373463383966336438353361636665393231313063313965646635
39653234383030316363393365666466656330356464316664633036313066326338346532376433
61313939373139616631306638656237333534303937393239306362666432633864363033663136
33303362623362663738396366656433313037653936323134356335366565376662
