$ANSIBLE_VAULT;1.1;AES256
35303066653432613465626264383433333461326263616133326561636134653266663235353664
3439626531663330643064333865333964633862356165300a303165376333633336636237393630
35363761356439343437373963343366346363366638326331653863626335343734666635353036
6635643231303964380a623463633839663163363233326231643563333066613862613063643662
62663730336335343537343562333038623961313062363237633933393333356133633434306265
33626563353065373361303366313736383938646566346561656562346439396239613530633232
39666336313364353663373630613566346536643439613530353066613564613765646438633234
34333739383736633463363762386231623064363639393435653636373632656632326632396562
61316439373631376431616430336266393332633338383935663866313766356133323465663632
34666132363836653633633264383238333134666532346264633465386463663532616265393663
32306332633530313966306663666431393962633061373033356236323838653937393439653435
38396437393831376334666233663139623238373036663932376638613764616434343962663163
61353564306633353963623963666631613866313334303362313235346136666434393832613237
62663532386464613562343964353466333163396238313165626436366631343335303764393565
32323037323966363164663835643365376631333565356264396438333938613232626439366232
66316361373463336234393136396437333661343465383336303465643738323339393737383431
66326130633866303663366261393564393366643461633938666137633466333730373235373265
34396234353935353638316638323637306566306664306237376630306635633034383837383166
62633635656232383131646535396364633230633464323366396336643638633962323639623537
37656438393535643531376330303262613332316631613134663236373233353464376461333366
32336339386361376161303435363430333939316561363232613731633439613834666536653637
65346335623862313838626137626630666230393961316366346337623830613262396634343834
35396633303135373534623733343762633331306332343534626662386665313739343164616531
61343562303930383131343530653462326634633432616565353864643331323466376331386265
37333832613134633437303766386537393539373037383632363033633439383532353331363230
35356537376433363865396136613133383234346334393433653966633836643961336639376330
33616530313163343433653034343431613361316463643166636633313763643739323530626462
63633535316234316636343536613634656666353330646134386231626466313130393932303232
30623065643836666462623762653935663231373931663134323664316663656438363438633165
6365393138373936623333356431383135343831333366626534
